4
//--------------------------------------------------------------------------------------------------------------------------------------------------------------//
// Index 	ItemStart  ItemEnd    "Texto da combinação" 	IngredientStart IngredientEnd Count MinLevel MaxLevel MinOption MaxOption SuccessRate	  Zen	   //   
//------------------------------------------------------------------------------------------------------------------------------------------------------------//

	200 	 7181 	    7182 			"Criação" 			   6144 			 6146 	    1 	   0 	  15 			0 		28 		 50 		  10000
	200 	 7181 	    7182 			"Criação" 			   6159 			 6159 	    2 	   0 	  15 			0 		28 		 50 		  10000
	200 	 7181 	    7182 			"Criação" 			   7181 			 7182 	    5 	   0 	  15 			0 		28 		 50 		  10000
	200 	 7181 	    7182 			"Criação" 			   6670 			 6670 	    1 	   0 	  15 			0 		28 		 50 		  10000


	191 	6664 	6684 	"Upar Level" 	6664 	6684 	1 	0 	15 	0 	28 	70 	10000
	191 	6664 	6684 	"Upar Level" 	6159 	6159 	1 	0 	15 	0 	28 	70 	10000
	191 	6664 	6684 	"Upar Level" 	7181 	7181 	1 	0 	15 	0 	28 	70 	10000

end


5
//------------------------------------------------------------------------------//
// 		Index 		BoosterStart 		BoosterEnd 		Count 	AddRate		   //
//----------------------------------------------------------------------------//

		200 		  7190 				  7190 			  1 	 10
		200 		  7217 				  7217 			  1 	 20

end